3,2
3,1
3,3
10,235
10,313
10,127
10,269
10,261
10,9
10,155
10,301
10,2
10,3
11,25
11,21
11,17
11,29
11,13
11,19
11,2
11,3
9,5
9,7
9,2
9,3
8,17
8,7
8,13
8,9
8,15
8,2
8,3
12,2
12,1
12,3
20,2
20,1
20,3
55,6
55,5
55,4
55,3
55,2
19,2
55,1
19,1
55,0
54,4
54,3
54,2
19,3
54,1
54,0
53,3
53,2
53,1
53,0
50,1
50,5
40,4
40,3
40,2
40,1
39,3
39,1
38,4
38,3
38,1
37,5
37,4
37,3
37,1
36,3
36,1
35,3
35,1
34,3
34,1
33,1
33,3
32,3
18,1
32,1
31,4
31,3
18,3
31,2
14,1
31,1
30,4
30,3
30,2
14,3
30,1
13,1
30,0
29,1
29,3
13,3
29,2
27,4
27,3
27,1
11,28
11,26
11,24
